34
16
124
27
141
247
231
249
78
73
133
210
87
1
230
238
64
139
100
245
261
156
138
164
146
48
248
110
258
145
216
232
62
80
85
118
83
195
77
227
256
220
202
59
253
173
23
70
229
204
47
191
111
184
225
189
165
38
127
51
228
104
60
126
8
203
219
39
234
10
250
5
254
88
166
190
92
28
122
29
157
192
194
109
35
86
67
123
74
148
21
54
37
11
84
99
79
76
33
134
223
71
97
58
81
9
160
69
131
201
25
125
179
185
172
22
239
188
242
140
66
257
224
46
167
206
233
114
117
136
96
128
213
30
226
161
155
91
137
200
105
143
183
154
244
252
119
40
262
26
112
24
49
130
236
43
116
212
181
263
17
12
108
176
4
144
75
168
102
3
18
98
177
218
159
2
107
149
63
142
120
264
68
94
89
251
180
178
90
158
150
265
132
52
44
41
162
152
31
241
19
57
169
175
55
61
182
221
129
170
50
208
214
205
95
32
7
198
153
135
106
147
199
13
260
215
15
196
209
14
240
174
255
45
222
151
56
115
246
207
93
20
6
193
65
36
72
171
53
187
237
217
259
113
243
197
101
211
121
82
235
186
163
42