71
88
91
6
180
251
261
48
197
8
68
155
74
44
160
188
170
72
109
1
162
29
195
76
207
181
138
206
57
116
22
192
232
119
51
222
236
31
211
145
179
255
217
240
120
111
129
237
146
106
7
63
27
122
104
28
35
248
165
121
156
226
96
229
125
172
85
126
214
143
130
230
196
77
128
161
81
114
11
54
5
208
61
243
260
149
117
62
193
36
90
166
231
100
39
153
176
201
245
219
66
55
254
20
142
123
256
94
221
140
78
10
97
26
228
64
164
93
9
23
105
89
141
152
19
167
184
13
75
108
216
215
101
137
191
52
2
65
118
175
157
233
234
41
150
38
53
107
223
235
139
185
47
12
218
159
200
227
199
168
82
99
198
3
124
58
32
257
98
148
238
225
115
42
203
187
263
87
244
202
17
212
171
147
220
205
158
33
131
102
86
135
264
95
133
80
112
56
239
69
213
252
253
37
246
34
46
154
79
265
242
241
30
262
21
136
25
209
40
18
4
24
15
134
16
250
186
259
83
43
182
247
67
84
50
151
169
194
183
144
258
174
210
204
132
45
178
14
224
177
127
190
49
173
163
189
249
60
73
70
113
92
59